784 268
310 739
407 187
487 888
28 212
904 656
393 917
378 82
449 482
205 653
846 961
765 850
651 322
903 71
1673 3503
30 837
276 768
838 947
370 368
604 460
630 345
583 2868
789 991
876 300
3991 3160
287 238
983 677
49 769
282 431
337 32
837 15
971 84
337 29
893 806
995 226
503 895
1378 3996
139 966
717 818
26 983
312 477
57 588
273 792
787 693
878 396
614 1724
891 897
891 897
661 267
27 209
150 682
210 914
739 253
448 1016
58 953
1046 1768
853 324
588 41
774 418
244 564
523 824
197 180
949 541
883 242
988 622
993 851
945 87
541 882
999 535
851 339
538 403
246 903
337 358
3875 251
772 2758
676 826
825 723
986 842
631 857
864 336
183 486
966 155
765 378
111 668
31 432
407 689
150 893
66 99
365 419
95 784
672 831
1162 194
911 634
1473 1646
418 774
255 587
899 353
724 633
948 467
798 87
434 295
771 1975
209 550
721 571
586 529
688 405
135 823
510 669
52 927
678 996
729 775
413 765
911 908
496 183
624 480
139 687
278 206
543 619
665 267
237 965
761 161
592 1975
427 208
360 570
496 915
668 746
2012 404
328 921
837 15
421 763
147 639
578 991
2690 3667
233 215
771 222
311 389
738 413
3857 134
656 698
115 279
422 953
204 777
862 689
820 802
1673 1745
157 158
872 349
639 605
217 885
497 214
50 893
864 563
725 989
286 902
171 843
81 664
908 600
960 145
802 145
809 821
386 337
761 654
859 955
160 819
1925 1852
535 999
846 487
680 691
226 34
1760 592
291 295
172 740
838 834
425 285
60 437
981 1869
584 434
781 759
2554 2463
714 895
707 61
190 3784
322 662
496 113
423 880
844 620
307 537
407 439
608 574
210 567
707 181
108 839
739 310
253 279
836 91
165 442
868 982
453 943
972 437
399 889
116 289
624 795
987 848
375 813
141 990
624 9
295 116
349 146
427 122
550 102
567 189
902 993
225 250
861 936
938 497
1945 884
47 785
148 885
607 378
975 747
217 885
375 997
973 3182
522 409
482 630
651 250
34 688
370 236
520 963
329 597
843 663
456 20
463 304
668 413
325 870
3116 902
227 18
830 868
827 948
271 488
790 466
678 677
562 451
629 863
871 517
320 829
903 277
362 18
386 850
817 762
102 225
73 901
620 185
193 52
639 335
95 734
851 814
202 7
3518 361
415 437
859 887
492 468
527 2145
128 775
516 828
735 1670
905 833
474 48
155 411
551 943
278 597
239 461
355 353
42 67
786 299
148 938
484 820
71 246
116 2795
139 193
3765 279
92 911
843 332
233 590
952 937
390 425
933 245
260 626
929 3650
2328 2660
363 340
295 170
517 645
109 924
100 295
291 170
919 912
825 327
944 197
16 948
97 23
969 584
728 666
456 786
232 463
538 753
210 682
335 770
125 785
993 695
1 192
837 910
705 779
464 587
490 347
329 818
659 559
929 1615
776 623
816 338
430 245
943 543
541 46
992 501
56 853
486 388
613 581
883 297
620 474
750 818
498 777
473 831
374 282
696 366
557 970
2412 307
79 864
386 160
520 319
65 518
363 290
564 874
705 555
3224 123
661 48
20 456
645 458
818 314
1606 589
500 146
393 458
108 3472
485 733
811 374
66 945
272 773
973 744
551 157
72 961
703 946
570 123
327 811
247 766
290 414
2329 667
784 88
960 333
642 509
18 370
222 2421
18 368
895 968
92 634
804 434
353 654
203 221
110 477
998 761
569 82
1689 1912
150 33
767 649
494 879
544 1842
819 931
498 866
765 337
586 539
706 325
10 135
425 830
599 469
344 688
350 6
635 668
720 756
44 440
525 306
861 416
64 622
930 957
49 658
619 453
517 70
2785 2108
584 495
48 20
85 439
260 460
666 223
296 3130
155 268
608 143
765 111
363 643
304 463
926 398
665 644
94 58
717 88
421 39
763 129
953 140
3821 3295
976 909
285 390
43 987
122 208
936 213
11 606
245 685
655 28
99 84
3856 3649
584 176
754 585
574 111
198 259
625 788
187 407
44 396
2081 2726
556 195
2233 2981
812 954
646 3246
723 954
484 449
918 743
482 213
263 601
562 242
1615 604
619 402
51 767
13 71
231 345
209 769
346 350
622 64
604 19
341 874
774 456
611 304
313 472
833 670
240 555
248 238
471 977
275 391
831 636
977 731
10 464
838 672
267 328
1113 1176
599 504
779 40
776 623
570 836
624 114
906 2624
630 449
297 825
276 843
733 352
183 80
846 3
461 239
887 626
314 573
668 635
889 244
592 1700
363 740
584 405
113 183
865 214
330 777
60 571
2329 667
992 323
720 756
240 2714
599 476
918 986
988 674
826 676
787 129
642 367
669 107
378 914
925 560
497 810
1278 1344
985 32
264 72
403 244
65 339
988 512
990 338
532 632
409 712
703 297
168 922
253 193
100 533
835 262
657 756
586 104
150 50
544 1718
521 632
100 526
843 970
165 999
538 70
305 753
305 753
387 546
815 30
67 882
950 804
453 943
1842 383
539 546
545 539
3592 3123
2206 3330
349 745
102 267
204 498
984 404
653 871
933 833
908 466
465 442
704 749
722 589
387 659
925 512
794 966
242 451
776 151
307 537
155 925
3133 3639
210 189
43 39
82 378
360 123
103 480
179 713
498 490
910 963
925 506
848 202
770 772
958 789
992 444
324 686
340 326
732 1754
631 774
969 301
435 816
104 529
817 95
41 764
348 558
283 413
800 598
1700 1760
143 820
282 737
940 730
873 615
229 270
871 591
504 399
646 156
563 450
434 176
3345 3233
460 19
959 147
160 386
248 850
162 413
72 358
674 925
623 463
198 972
456 231
648 2758
694 596
947 31
2412 1279
767 649
402 453
328 185
489 626
399 64
776 478
480 114
829 933
287 621
969 968
979 872
706 243
224 20
58 774
521 532
97 990
372 92
394 491
1414 470
337 718
49 769
130 147
813 900
989 709
744 367
414 825
417 665
458 292
156 600
750 818
2424 978
767 618
958 785
295 225
666 728
553 871
161 374
708 217
366 333
67 886
170 94
316 559
842 986
344 48
607 182
230 811
929 155
118 644
302 728
500 2329
394 83
510 107
833 465
312 948
90 473
479 838
560 506
3386 681
826 507
996 26
109 241
810 904
167 691
849 675
306 50
905 907
194 437
183 430
395 720
904 847
392 226
142 85
96 899
167 680
371 697
787 43
615 267
105 832
333 960
174 692
696 138
962 964
512 154
3347 3233
949 390
748 523
557 749
734 312
629 243
860 727
217 655
815 641
836 517
324 853
1337 522
33 572
244 770
743 735
891 904
419 38
635 637
697 3853
502 686
433 103
809 27
922 76
520 97
148 152
814 851
707 860
302 666
110 2330
741 595
786 471
1754 582
485 352
255 451
715 743
743 2072
594 856
136 955
1 192
494 171
308 940
1048 356
918 735
243 356
854 353
170 125
827 219
523 703
704 557
818 329
301 297
142 991
305 538
828 435
508 68
395 502
234 870
308 229
696 366
1463 14
120 161
389 249
421 129
160 885
850 111
830 362
454 618
33 16
209 27
307 714
243 629
840 577
272 355
94 631
263 926
151 563
330 498
125 308
273 312
683 905
366 759
495 105
633 876
386 365
650 308
706 388
26 693
805 793
22 578
555 240
416 505
3116 42
788 959
561 3220
624 201
81 3497
780 235
333 99
956 971
567 591
690 985
158 143
807 633
665 542
945 788
893 33
51 803
296 603
821 864
865 513
663 872
444 954
986 842
875 726
540 709
585 319
734 587
315 38
94 163
143 276
913 159
40 477
641 106
854 60
297 483
507 676
162 955
980 435
448 245
394 390
296 570
695 993
670 465
172 838
690 527
570 479
910 15
17 834
192 191
443 772
997 149
660 986
276 484
185 907
3624 3076
472 10
687 938
202 987
675 681
111 765
65 726
836 394
908 711
653 824
990 988
789 737
630 78
1842 383
83 111
707 727
936 213
689 142
996 243
151 336
810 497
237 385
17 947
847 237
903 13
325 234
305 553
811 979
615 596
461 341
720 814
435 783
2409 2710
44 2846
936 382
184 1732
1796 1569
541 67
242 327
215 1689
217 148
858 657
738 260
225 3
199 492
364 500
897 47
419 88
86 150
232 417
770 179
374 959
47 46
285 891
670 165
813 640
953 251
235 211
246 71
891 687
907 683
101 481
905 683
555 853
976 424
963 837
908 281
919 296
502 821
51 511
897 124
3182 3214
114 201
735 743
90 296
332 374
620 127
524 723
2329 995
109 293
512 565
128 775
351 108
313 402
1525 664
957 54
621 384
498 204
554 625
710 850
3708 1279
313 213
284 952
124 847
44 878
595 741
258 1718
617 770
453 543
353 428
640 66
703 359
666 17
671 238
67 62
156 542
905 165
937 3448
901 54
446 723
738 162
799 971
278 400
650 578
793 896
696 366
358 10
437 233
910 574
233 962
119 868
81 561
368 370
534 627
301 584
334 534
956 799
198 612
356 744
165 951
827 219
909 424
471 468
2795 648
628 872
141 777
418 175
868 196
39 26
2108 404
801 515
660 842
202 848
64 855
10 152
204 338
789 22
501 323
832 211
54 953
226 923
677 863
375 221
2714 377
165 535
1260 1970
1956 1957
1329 1694
1000 1970
1858 1949
1569 1518
1086 1633
1233 1139
1264 1637
3613 1958
1529 1538
1226 1088
1725 1200
1114 1446
1801 1272
1618 1084
1278 1614
1299 1450
1044 1001
1276 1965
1957 1001
1271 1194
1231 1336
1111 1257
1991 1803
1330 1033
1708 1718
1871 1527
1783 1480
1674 1032
1195 1611
1799 1649
1029 1907
1909 1330
1510 1551
1884 1685
1422 1925
1168 1719
1407 1645
1707 1582
1895 1883
1877 1213
1808 1140
1329 1595
1957 1018
1699 1863
1061 1768
1583 1283
742 47
1997 1262
1956 412
1024 1027
1228 1440
1244 1941
1940 1822
1346 1677
1901 1574
3513 1973
1415 1363
1433 1256
1630 1928
1292 1046
1856 1686
1667 3633
1804 1376
1710 1807
1547 1290
1462 1921
1590 1173
1398 1160
1534 1435
1706 1981
1297 1351
1518 1486
1252 1724
1746 1587
1026 1718
1161 1964
1806 1934
1425 1415
1526 1985
1800 1457
1741 1167
1307 1638
1015 1618
1386 1752
1006 1648
1490 1921
1257 1011
1213 1118
1642 1574
1912 1684
1492 1188
1329 1850
1879 1271
1827 1994
1133 1492
1076 1388
1582 1692
1905 1383
1543 1293
1834 1999
1411 1479
1957 1860
1369 1759
1418 1483
1229 1578
1458 1125
1981 1071
1547 1629
1690 1706
1534 1966
1667 1875
1176 1843
1671 1013
1894 1687
1237 1144
1857 1462
1206 1799
2141 1765
1671 1416
1548 1362
1351 1865
1260 1970
1989 1418
1107 1610
1013 1873
1828 1612
1738 1886
1561 1402
1405 1284
1173 1597
1468 1499
1492 1096
1300 1637
1099 1567
1070 1251
1901 1642
2228 1994
1995 1233
1448 1597
1624 1318
1730 1154
1572 1756
1116 1625
1547 1533
1687 1984
1292 1806
1454 1471
1709 1548
1225 1832
1930 1999
1610 1371
1937 2427
1175 1142
1371 1283
1944 1856
1134 1564
1431 1808
1649 1799
1069 1441
1403 1077
1387 3605
1686 1347
2504 1654
1381 1614
1470 1838
1741 1082
1797 1225
1299 1079
1551 1887
1501 1623
1852 1235
1590 1068
1973 1305
1517 1002
1840 1676
1561 1496
1235 1735
1727 1654
1249 1572
1537 1768
1026 1399
1461 1969
1608 1265
1445 1198
1921 1087
1957 1358
1302 1440
1776 1792
1203 1625
1318 1778
1247 1198
1504 1974
1310 1021
1237 1535
1971 1819
1309 1478
1941 1192
1419 1139
1795 1012
1452 1270
1204 1280
1894 1984
1643 1780
1553 1372
1118 1857
1736 1993
1106 1228
1854 1881
1341 1374
1621 1580
1679 1451
1675 1041
1460 1663
1009 1958
1966 1648
1423 1784
1880 1435
1443 1772
1627 1286
3646 3313
1621 1579
1495 1310
1558 1531
1150 1933
1088 1011
1106 1914
1208 1106
1106 1578
1296 1377
1549 1022
1373 2845
1419 1139
1532 1943
1178 1735
1052 1699
1412 1996
1245 1829
1049 1432
1338 1406
1132 1990
1342 1889
1862 1830
1053 1309
1917 1394
1703 1778
1663 1611
1883 1895
1180 1572
1527 1431
1070 1136
1566 1826
1726 1963
1314 1260
1671 1582
1482 1433
1367 1088
1246 1839
1939 1399
1314 1970
1316 1648
1049 1950
1496 1561
1637 1008
1362 1184
1457 1800
1942 1465
1984 1572
1958 1941
1452 1201
1800 1879
1299 1747
1282 1345
1970 1000
1444 1595
1043 1546
1439 1819
514 1344
2018 617
1997 1202
1915 1950
1273 1345
1047 1155
1530 1130
1641 1961
3503 1220
1020 1400
1581 1489
1275 1595
1095 1547
1276 2189
1147 1061
1336 1100
1603 1820
1133 1768
1230 1505
1072 1655
1486 1417
1169 1017
1338 1406
1907 1797
1188 1813
1566 1001
1455 1652
1683 1174
1117 1317
1083 1638
1331 1841
1455 1941
1194 1223
1746 1786
1953 1526
1405 1167
1303 1260
1924 1847
1779 1867
1462 1117
1624 1141
1591 1418
1412 1995
1651 1338
1341 1351
1683 1868
1134 1348
1238 1394
1623 1665
1978 1404
1847 1397
1788 1850
1033 1909
1308 1841
1985 1834
1382 1987
1617 1748
1390 1535
1022 1293
712 522
1321 1300
1825 1247
1550 1402
1122 1322
1889 1424
1349 1156
514 1278
1282 1273
1677 1055
1163 1992
1710 1324
1562 1846
1840 1368
1322 1072
1070 1434
1697 1080
1955 1374
1982 1729
1649 1151
1806 1421
1187 1192
1807 1367
1073 1486
1109 1994
1548 1121
1058 1960
1826 1527
1913 1515
1729 1982
1359 1807
614 1350
1396 1759
1840 1676
1155 1152
1205 1527
1292 1147
1354 1955
1161 1964
1804 1896
1230 1847
36 3996
1922 1114
1348 1557
1589 1614
1987 1333
1905 1099
3605 1387
1487 1958
1127 1828
1717 3605
1356 1097
3915 3424
1880 1811
1234 1532
1977 1607
1661 1680
1103 1245
53 1945
1759 1369
1978 1328
1264 1069
1259 1182
1287 1416
1529 1993
1630 1340
1578 1161
1327 1978
1130 1433
1240 1300
1017 1299
1592 2973
1439 1267
3776 3029
3149 3280
1237 1811
1377 1847
1370 636
1529 1079
1957 1400
1520 1977
1124 1319
1995 1500
1516 1468
1147 1357
1036 1821
1906 1217
1889 1342
1773 1656
1145 1533
1835 1812
1007 1158
1314 1904
1204 1622
1597 1250
1757 1997
1482 1256
1070 1352
1218 1880
1939 1844
1818 1528
1865 1581
1944 1277
1995 1188
1748 1160
1805 1524
1662 1772
1275 1740
991 1658
1667 1013
1361 1585
1173 1140
2169 2689
1747 1017
1591 1660
1695 1647
1998 1914
1148 1917
1941 1309
1899 1559
1081 1800
1858 1107
1130 1530
1663 1895
1183 1969
1857 1117
1418 1947
1891 1304
1509 1267
1580 452
1396 1541
1376 1499
1760 1218
1838 1166
1949 1148
1487 1941
1744 93
1819 1971
1351 1580
1344 1278
1225 1286
1455 1197
1028 1552
1552 1028
1217 1423
1256 1433
1418 1105
1838 1864
1461 1832
1665 1073
1683 1963
1030 1611
1865 1936
1901 1498
1125 1623
1603 1096
1648 1586
1616 1215
1276 1546
1177 1561
1243 1571
1137 1901
1376 1132
1476 1419
1666 1511
1326 1188
1303 1969
1632 1193
1296 1492
1645 1888
2427 1634
1208 1699
1679 1942
1786 1551
2546 1501
1554 36
1452 1913
1201 1634
1513 1913
1804 1920
1175 1452
1486 1788
3493 3192
1977 1417
1810 1547
1693 3430
207 349
1442 1845
3605 929
1080 1312
1597 1027
1333 1437
1810 1415
1459 1640
1558 1702
1571 1234
1426 1145
1111 1966
1390 1195
3252 3028
1768 1802
1529 1010
1438 1489
1180 1351
1782 1467
1266 1800
1726 1100
1356 1832
1403 1890
1495 1276
1145 1629
1709 1149
1624 1636
1521 1810
1034 1510
1028 1479
1001 1896
36 1512
1520 1673
1151 1040
1348 1716
1702 1531
1899 1456
1595 1289
1177 1496
1349 1856
1694 1996
1736 1939
1920 1609
1956 1957
1848 1135
1217 1822
1005 881
1125 1107
1532 1497
1249 1180
1603 1319
1761 1056
1858 1949
1366 1404
1301 1316
1229 1106
1222 1621
1072 1351
1734 1782
1707 1671
1283 1429
1390 1811
1447 1860
1755 1687
1534 1137
2231 2515
1104 1381
1691 1774
1451 1319
1408 2821
1809 1924
1895 1958
1444 1275
1692 1671
1527 1431
1862 1875
3909 3471
1270 1452
1518 1444
1644 1840
1096 1492
1518 1546
1619 1727
589 1696
1809 1924
1265 1184
1565 1920
1761 1125
1488 1030
1029 1127
1328 1978
1016 1381
460 604
1494 1756
1441 1334
1630 1084
1605 1727
1191 1778
1222 1579
1430 1199
1486 1665
1549 1141
1257 1088
1468 1955
1062 1686
1158 1749
1547 1109
1402 1079
1585 1785
1020 1855
1837 1006
1315 1847
1791 1453
1778 1549
1008 1134
1083 1307
1653 1831
1883 1530
2447 1285
1746 1901
1780 1878
1746 1901
1888 1506
383 858
1276 1452
1086 1216
1356 1799
1802 1537
1338 1321
1455 1304
1709 1803
1179 1164
1425 1297
1425 1896
3029 3635
22 1504
1058 1415
1451 1695
1393 1680
1443 1772
1247 1460
1177 1767
1486 1326
1486 1623
1875 1112
1813 1995
1924 1593
2218 265
1582 1707
1994 1361
1555 1417
1032 1029
1963 1487
1413 1840
1346 1055
1432 1757
1212 1509
1393 1661
1415 1810
1687 1586
1305 1963
1091 1912
1630 1035
1062 1627
1115 1894
1077 1709
650 47
1532 1110
1774 1590
1707 1671
1826 1522
1563 1002
1452 1660
1606 1787
1242 1353
3910 3021
1045 1863
169 592
1367 1265
1903 1531
1246 1992
1976 1798
3170 3613
1981 1110
1582 1671
1026 1900
1548 1688
1807 1065
1632 1855
1453 1998
3300 3776
1578 1237
2625 1524
1839 1557
1387 1965
1076 1026
1955 1037
1901 1761
1537 1802
1297 1737
1326 1440
1252 1074
1564 1012
1253 1487
1619 1605
1033 1969
1982 1355
1424 1233
1132 1205
1485 1882
1765 1437
1782 1581
1178 1235
1795 1533
1722 1431
1737 1886
1886 1861
1275 1444
1240 1907
1121 1816
2930 2310
1859 1347
1711 144
1901 1642
1821 1272
1441 1334
1628 1820
1878 1494
1705 1750
1940 1085
3285 3367
732 582
1984 1586
1726 1143
1997 1432
1462 1118
1104 1369
169 592
1642 1901
1803 1816
3739 1741
1634 1189
1119 1902
1669 1809
1253 1874
1181 1046
1579 1222
1613 1674
1661 1393
1662 1443
1898 1425
1691 1590
1952 1726
1189 1906
1867 1779
1191 1246
1301 1867
1204 1643
1762 2289
1541 1581
1830 1706
1906 1217
1631 1043
1311 1510
1606 1696
1329 1850
1688 1077
2489 2718
1635 1914
1773 1189
1097 1446
1806 1046
1961 1736
1569 3406
1168 1907
1264 1704
1649 1159
1266 1457
1212 1679
1721 1537
1850 1816
1064 1376
1442 1735
1061 1147
1367 1065
1189 1158
1607 1924
1681 1550
1390 1412
1835 1427
1995 1302
1578 1509
1342 1844
1803 1908
1024 1910
1249 1437
1474 1944
1773 1294
1747 1422
1364 1568
1970 1000
2671 2558
1235 1178
1230 1252
1994 1095
1967 1127
1917 1238
1862 1243
1077 1964
1225 1150
2623 2961
1999 1101
1864 1338
1506 1888
1006 1633
1864 1166
1258 1716
1602 1676
1331 1308
544 383
1728 1603
1342 1815
1442 1524
1562 1349
1413 1315
1567 1351
1637 1134
1788 1329
1139 1794
164 1925
1775 1237
1955 1881
1711 1632
1062 1686
1117 1462
1137 1575
2890 1798
1956 1585
1886 1739
1830 1243
1699 1045
1838 1484
1122 1581
2882 2849
1779 1316
1834 1323
1061 175
1190 1442
1027 1161
1457 1066
1694 1126
1953 1767
1667 1112
1571 1110
1041 1159
1452 1643
1637 1271
1435 1390
1955 1626
1485 1732
1640 1040
1885 1201
1739 1270
1738 1128
1747 1014
1645 1506
1242 1424
1400 1545
1729 1972
1166 1387
1330 1909
1203 1687
1040 1460
1376 1656
1302 1994
1820 1773
1456 1559
1026 1708
1761 1642
1993 1765
1942 1702
1721 1429
1383 1774
1189 1776
1741 1032
1093 1816
1330 1893
1816 1817
1489 1936
1133 1684
1515 1513
1998 1453
1302 1547
1060 1928
1454 1829
1033 1330
1775 1061
1609 1516
1959 1087
1923 1379
1922 1379
1847 1315
1852 1036
1461 1977
1688 1400
1916 1060
1030 3367
1999 1151
2169 2352
1675 1832
1240 1225
1007 1078
1571 1876
1489 1911
2366 2427
1529 1415
1725 1564
1054 1752
1269 1309
1267 1509
1571 1234
1856 1819
1395 215
1105 1593
1212 1573
1468 1656
1858 1575
1915 1281
1160 1069
1811 1195
1767 1874
1226 1011
1626 1374
1001 1893
1001 1566
1594 1009
1275 1087
1095 1363
1619 1285
3503 14
1683 1487
1375 1077
2447 1717
1111 1534
1809 1828
1834 1986
1503 1461
1260 1123
1819 1474
1464 1891
3513 1057
1504 1193
101 121
1704 2829
1926 1417
1404 1847
1722 1691
1822 1568
1706 1071
1355 1366
1789 1424
1146 1203
1332 1080
1834 1968
1382 1333
1762 1991
1330 1033
1499 1132
1426 1024
1703 1347
1902 1401
1361 1095
1320 1668
1237 1563
1757 1432
1712 1453
1101 1151
3800 3618
2242 2869
2017 2362
2395 2015
2283 2162
2971 1672
2012 2807
2916 2513
2009 2172
2592 2608
2763 2227
2640 2480
2608 126
2384 2434
1824 2558
2395 2003
2782 2918
2793 2002
1279 2686
2450 2570
2341 2252
2142 2834
2568 2796
2512 2400
2060 2592
2199 2882
2268 2467
2175 2784
1025 1556
2794 2661
2586 2799
2527 2363
2460 2677
2875 2084
2153 2750
2557 2630
2700 2357
2880 2247
2967 2269
2302 2450
2474 2294
2771 2299
2124 2098
2036 2547
2350 2392
2595 2487
2670 2396
2059 2924
2893 2694
2976 2017
2268 2967
2110 2620
2054 2956
2826 2136
2052 2776
2644 2750
2951 2216
2380 2385
2249 2288
2968 2047
2024 2771
2487 2861
2782 2126
2399 2651
2735 2731
2197 2865
2553 2615
2980 2085
2364 2773
2487 2045
2566 2374
2659 2708
2234 736
2912 2768
2148 2136
1878 2685
2159 2308
2579 2893
2711 2099
2831 2778
2104 1164
2726 2550
2766 2556
2240 2795
2859 2033
2067 2980
2170 2270
2845 1654
2880 2247
2931 2008
2374 2514
2998 2600
2612 2729
2538 2473
2733 2976
2859 2585
2846 2236
2002 2885
2151 2379
2711 2117
2076 2902
2277 2891
2549 2335
2340 2502
2578 2669
2223 2128
2057 2311
2552 2315
270 404
2189 2144
2485 2571
2221 2465
3931 3443
2254 2883
2343 2405
2753 2988
2226 3369
2099 2711
2550 2391
2700 2437
2904 2612
2594 2486
2782 2475
2782 2509
2911 2098
2591 2978
2782 2062
2932 2331
2105 2223
2173 2550
2219 2290
3399 3821
2328 2839
2359 2342
2821 2076
978 2107
2897 2821
2764 2775
3502 3666
2454 2797
2445 2314
2546 2259
2647 2170
2734 2741
3164 2109
2518 262
2863 2746
2404 2232
2907 2858
2730 2331
1753 3186
2302 2098
2987 2036
2530 2753
2572 2375
2385 2610
2569 2942
2903 2327
2504 2721
2423 2076
2571 2485
1109 2444
2414 2465
2456 2915
2554 2946
2958 2312
2365 2224
2304 2452
2808 2549
1931 2307
2142 2270
2354 2869
2840 2008
2383 2223
2471 2382
2784 2027
2947 2904
2739 2983
2379 2098
2823 2711
2950 2695
2453 2641
2656 2339
2694 2289
2159 2285
2029 2854
2838 2388
2517 2812
2476 2433
2456 2109
2829 1704
2104 2643
2738 2737
2641 2207
2052 2956
2953 2599
2280 2478
2865 2065
2918 2235
2296 2707
1790 2489
2679 2415
2634 2754
2303 2991
2077 2889
2788 2865
2934 3330
2349 2193
2273 2682
2271 2559
2132 2496
2051 2261
2112 2657
2381 2538
2585 2308
2188 2433
2521 2056
2679 2371
2886 2503
2512 2290
2460 2327
2465 2647
2457 2532
2173 2128
2096 2166
3011 2457
2116 3369
2604 2763
2829 1138
2573 2982
2118 2411
2515 2496
2988 2147
2776 443
2934 2072
2918 2549
2096 2650
2154 2302
2336 2481
2951 2838
2964 2795
2541 2332
2369 2622
2165 2873
2754 2747
2291 2257
2662 2850
2037 2088
2021 2680
2697 2046
2355 2326
2694 2843
2422 2020
2805 2252
2286 2113
2436 2372
2986 2464
2245 2291
2601 2261
2692 2141
2652 2992
2929 2211
2448 2386
2744 2941
2942 2943
2606 2614
2177 2940
2297 2471
2675 2499
2793 2038
2170 2086
2559 2948
2894 2626
2413 2825
2865 2459
2603 2738
2704 2789
2349 2916
2401 2316
2810 2954
2196 2627
2632 2587
2242 2369
2111 2468
2955 2335
2799 2184
2839 2254
2260 2364
2058 2949
1743 2966
2130 2219
2257 2375
2557 2640
2557 2443
2882 2954
2926 2150
2707 2199
2382 2453
2900 2364
2771 2041
2665 2638
2947 2675
2523 2237
2991 2826
2167 2406
2079 2778
2303 2826
2997 2169
2076 2423
2219 2245
2649 2930
2420 2106
2608 2165
2081 3539
2140 2729
2552 2107
2045 2717
2230 2118
2407 2774
2241 2418
2256 2464
2860 2683
2717 2137
2797 2454
2315 2107
2120 2612
2216 2521
2157 2220
2132 2660
923 667
110 729
2730 2149
2541 2241
2493 2534
2217 2492
2549 2102
2238 2481
2596 2748
2848 2600
2656 2182
2852 2103
2020 2695
2499 2133
2405 2114
2984 2356
2797 2567
2728 2635
2230 2406
2445 2815
2975 2277
2904 2998
2227 2098
2169 1931
2547 2572
2490 2171
2901 2723
2448 2604
2700 2036
2958 2988
2729 2133
2853 2793
2203 2198
2662 2002
2622 2031
2492 2773
2224 3423
2955 1937
2077 2889
2851 2377
2810 2242
2319 2418
2217 2679
2015 2255
2556 2082
2070 2590
2572 2154
2835 2474
2851 2368
503 703
2237 2098
2385 2126
2538 2872
2297 2610
2173 2670
2434 2013
2155 2749
2736 2262
2994 2424
2630 2035
3585 2150
2808 2945
2550 2118
2350 2044
2998 2350
2285 2941
2003 2015
2139 2046
2702 2420
2696 2570
2063 2651
2872 2512
2748 2596
1733 1765
2577 2993
2147 2745
2343 2114
2167 2304
2149 2774
2857 2957
2493 2073
2512 2764
2391 2118
335 617
2825 2990
2221 2465
2371 2217
2496 2210
126 2333
2319 2370
2749 2814
2106 2311
289 369
2439 2693
2159 2308
2387 2994
2717 2800
2149 2605
1937 1153
2496 2912
2918 2122
3157 2156
2808 2511
2591 2861
2188 2215
2560 2013
2730 2531
2003 2255
2767 2700
2116 3080
2693 2217
2902 2586
2576 2145
2776 2199
2062 2557
1138 2161
2815 2348
2846 2236
1717 1965
2722 2356
2477 2630
2039 2054
2588 2814
2304 2167
2181 2297
2139 2797
2120 2612
2609 2189
2532 2842
2509 2819
2274 2621
2032 2600
2472 2207
2661 2893
2362 2662
2256 2320
2221 2414
2294 2592
2951 2026
2344 2283
2090 2996
1677 1055
2267 2382
2461 2207
2538 2093
2040 2294
2782 2122
2634 2188
2449 2630
2196 2684
2558 2014
2292 2011
2238 2336
2949 2555
2504 2606
2085 2738
2571 2110
2121 2615
2595 2045
2184 2285
1790 2200
2171 2354
2098 2696
2773 2334
2677 2460
2615 2553
2875 3920
2231 2210
2703 2856
2906 2663
2268 2616
2951 2910
2148 2524
2340 2103
2747 2743
2609 1164
2493 2883
443 2981
2940 2678
1588 2515
2789 2123
2603 2422
2782 2431
2857 2219
2217 2912
2374 2090
2508 1588
2494 2761
2226 2756
2132 2328
2644 2781
2151 2868
2056 2216
2735 2827
2269 2302
2076 2965
2782 2633
2593 2844
2960 2642
2464 2256
2522 2827
2753 2587
2435 2730
2457 2222
2097 2885
2785 2333
2088 2932
2399 2548
2091 2338
2381 2093
3722 3247
2851 2725
2951 2056
2270 2086
2334 2647
2923 2050
2947 2259
2692 2141
2043 2872
2287 2536
2102 2235
2118 2391
2204 2367
2107 2315
2615 2494
2960 2783
2482 2759
2362 2766
2035 2443
2014 1824
2209 2946
2013 2434
2876 3605
1937 2818
2612 2729
2862 2809
3182 2832
2090 2070
2697 2345
2586 2685
2811 2156
2019 2696
2485 2110
2375 2963
2229 2982
2388 2449
2786 2986
2071 2839
2993 2727
978 2104
2889 2942
2265 2614
2181 2767
3511 2931
2800 2137
2760 2877
2095 2780
2564 2568
2281 2530
2777 2451
2645 2628
2901 2374
2715 2659
2024 2631
2101 2724
2746 2863
2045 2487
2748 2401
2801 2734
2997 2720
2953 2618
2998 2460
2348 2015
2557 2035
2510 2275
2227 2356
2149 2426
2614 2825
2779 2770
2312 2009
2610 2504
2155 2899
2612 2932
2455 2120
2606 2483
2265 2606
2486 2494
2898 2499
2670 2097
2960 2599
2001 2869
2485 2051
2274 2459
2363 2242
2961 2062
481 772
2399 2651
2894 2272
2906 2280
2589 2645
2242 2884
2388 2035
2817 2592
2017 2133
2708 2525
2202 2866
2728 2346
2566 2933
2842 2225
2300 2665
2866 2202
2011 2292
2181 2975
2527 2960
2103 2502
2750 2519
2628 2730
1361 2064
2543 2221
3234 3023
2453 2974
2014 2236
2063 2399
2651 2992
2127 2601
2688 2983
2405 2328
2182 2573
2212 2256
2917 2935
2375 2887
289 2328
2277 2691
2002 2362
2550 2498
2362 2071
2927 2638
2571 2914
2182 2869
3899 2845
2799 2104
2905 2383
2558 1824
2992 2673
2833 2382
2895 2703
2268 2499
2296 2707
2460 2032
2665 2927
2217 2371
2726 2248
2474 2484
2208 2265
2481 2321
2003 2478
2896 2568
114 2018
2985 2949
2940 2983
2169 2307
132 2870
2339 2661
2141 2259
2439 2422
2251 2048
2180 2341
2165 2750
2345 2567
2705 2361
2688 1948
2767 2437
2475 2756
2420 2397
2603 2674
2276 2073
2811 3789
2801 2734
2296 2199
2922 2071
2704 2956
2085 2980
2099 2117
2182 2053
2730 2426
998 503
2659 2591
2422 2878
2322 2316
1790 2926
2875 2500
2598 2472
2697 2158
2262 2448
2901 2739
2011 2844
2540 2989
2944 2081
2403 2577
2890 2346
2563 2092
2149 2531
2780 2064
2162 2465
2094 2662
2706 2597
2522 2780
2386 2995
2362 2738
2275 2737
2940 2983
2631 2592
2734 2143
2935 2521
2244 2747
2941 2263
2902 2404
2594 2863
2743 2244
2596 2337
2809 2385
2644 2696
1810 2028
2866 2820
2115 2153
2610 2202
3423 3871
2904 2701
2679 2956
614 74
2010 2555
2909 2781
2044 2516
995 2836
2227 2984
2775 2137
2065 2955
2082 2556
2581 2700
2073 2956
329 315
2806 2607
2592 2060
2103 2502
2492 2364
2318 2407
2904 2137
2909 2054
2588 2814
2831 2079
2677 2607
2735 2585
2519 2909
2126 2062
2291 2554
2175 2027
2534 404
2256 2575
2729 2325
2241 2332
2509 2276
2252 2422
2855 2824
2807 2874
2269 2360
2029 2661
2240 278
2489 2022
2345 2454
2139 2454
2669 2030
2487 2425
2734 2597
2573 2951
2080 2035
2283 2468
2345 2567
2770 2982
2792 2874
2334 2390
2862 2564
2242 2369
3789 3210
2991 2187
2967 2898
2451 2419
2445 2348
2653 2601
2592 2631
2562 2955
2820 2458
2634 2752
2136 2897
2964 2979
2711 2547
2978 2791
2614 2606
2897 2303
2529 2522
2459 2765
2228 1976
3173 3505
2079 2778
2839 2565
2610 2063
2448 2021
2618 2599
393 2762
2936 2323
2951 2239
2328 2132
2089 2172
2390 2945
2532 2457
2694 2251
2526 2724
2087 2504
2096 878
2871 2756
2312 2338
2025 2882
2632 2246
2377 2368
2340 2907
2793 2360
2251 2694
2099 2588
2970 2457
2181 2899
2852 2148
2084 2875
2826 2321
2946 2708
2564 2809
2594 2746
2393 2349
2197 2065
2820 2634
2759 2450
2520 21
2001 2044
2690 2391
2363 2369
2381 2547
2925 2243
2807 2792
2084 2859
3511 1387
2584 2239
2925 2716
2464 2256
2088 2037
2303 2937
2849 2025
2659 2113
2242 2629
2097 2362
2503 2218
2960 2659
2873 2988
2367 2579
1859 2728
2975 2101
2260 2580
2048 2077
2272 2626
2450 2920
2685 2742
2826 2821
2813 2967
2857 2610
2298 2767
2793 2590
2100 2527
2157 2327
2120 2176
2139 2670
2944 2994
2214 2852
3445 3872
2776 2781
2500 2742
2217 2124
2217 2513
2906 2994
2666 2571
2833 2456
2349 2277
2658 2935
2122 2016
2787 2357
2895 2999
2810 2369
2328 2708
2774 2544
2091 2047
2873 2878
1790 2718
2638 2665
2995 2656
2051 2954
2310 2990
2292 2557
2415 2611
2566 2636
2011 2009
2917 2658
2837 3813
2303 2881
2814 2777
2091 2491
2688 2983
2394 2263
2264 2579
3190 3369
2726 2906
2841 2390
2559 2948
2176 2904
2559 2946
2555 2482
2341 2180
2541 2056
2718 2926
2527 2960
2631 2592
2765 2818
2052 2757
2899 2408
2312 2165
2720 2267
2887 2642
1833 2623
2565 2912
2071 2572
2979 2240
2971 2524
2730 2289
2813 2898
2904 2350
2085 2346
2457 2856
2524 2965
2235 2627
2685 1408
2930 2649
2349 2641
2737 2094
2060 2404
2591 2953
2964 2822
2710 2085
2217 443
2229 2573
2688 2940
2054 2763
2052 2967
2839 2256
2152 2400
2147 2115
2334 2725
2974 2930
2203 2303
2673 2652
2577 2403
2424 2913
2736 2928
2090 2469
2851 2307
2600 2350
2888 2920
3352 3794
3762 3815
3413 3657
3883 3970
3555 3395
3115 3051
3095 3847
3508 3937
3419 3790
3350 3596
3583 3254
3261 3013
3209 3281
3452 3011
3352 3829
3626 3702
3584 3153
3707 3621
3569 3083
3969 3838
2701 2896
3910 1698
3050 3793
3694 3504
3970 3003
3316 3277
3144 3735
3278 3577
3608 1536
1410 3776
2081 2607
3611 3277
3758 3546
3693 3314
3891 3248
3267 3782
3164 3847
3848 3274
3606 3428
3678 3435
3156 3514
3065 3846
3345 3233
3524 3367
3282 3270
3062 3292
3663 3396
3267 3864
3209 3904
3481 3401
3340 3659
3418 3005
2150 2389
3104 3408
3117 3380
3065 3467
3228 3830
3726 3954
3818 3159
3576 3236
3179 3780
3014 3724
3635 3828
3690 3610
3057 3140
3429 3055
3715 3510
3242 3398
3879 3782
3753 3084
3512 3262
3335 3907
3658 3740
3467 3647
3965 3868
3834 3068
881 845
3255 3124
3952 3966
3576 3444
2438 3397
3565 3681
3598 3987
3018 3162
3435 3069
3187 3403
3409 3791
3490 3629
3362 3455
3339 3656
3307 3224
3265 3584
3010 3321
3501 3932
3329 3499
3006 3109
3596 3832
3356 3462
3928 3077
3206 3168
3657 3808
3780 3183
3475 3590
3343 3780
3985 3617
3717 3906
3885 3131
3769 3720
3502 3638
3174 3095
3729 3579
3505 3399
3935 3641
3489 3490
3258 3601
3581 3005
42 792
3179 3118
3117 3179
3572 3411
3577 3278
3885 3552
3924 3926
3046 547
3286 3687
3357 3037
3374 3757
3436 3735
3064 3273
3413 3715
3388 410
3106 3117
3776 3635
3619 3809
3932 3520
3187 3652
3402 3300
3952 3696
3577 3538
3506 3883
3507 3952
3912 3274
3370 3895
3547 3352
3525 3647
3607 3290
3890 3191
3769 3727
3860 3501
3186 3280
3160 3650
3744 3208
3913 3656
3016 3584
3229 3780
3964 3295
3359 3387
3270 3701
3787 3476
3669 3058
3991 24
3995 3029
3465 3083
3549 3945
2144 3186
3119 3665
3116 3464
3672 3902
3630 3099
3580 3676
3826 3203
3510 3728
3353 3310
3495 2830
3109 3832
3551 3138
3969 3761
3410 3416
3082 3598
3380 3118
3855 3816
3933 3342
222 2565
3780 3343
3277 3611
3979 3388
3847 3367
3652 3403
3360 3331
3265 3866
2943 3445
3890 3146
3587 3432
3323 3590
3416 3532
3943 3431
3083 3465
3808 3422
3534 3450
3055 3896
3214 3260
3425 3731
3352 3468
3237 3170
3892 3248
3306 3403
3099 3168
3184 3836
3744 3151
3048 3904
3965 2811
3292 3851
3970 3119
3082 3178
3833 3216
1433 1059
3679 3214
3524 3668
3387 3874
3421 3760
794 3620
3968 3606
3458 3446
3746 3394
3090 3307
3249 3335
3810 3812
2532 2457
3056 3830
3154 3934
3712 3029
3378 3480
3849 3956
3458 3268
3779 2648
3823 3379
3567 3772
3205 3878
3550 3274
3193 3323
3384 3756
3033 3948
3692 3298
3941 3878
3984 3759
3217 3869
600 445
3722 2539
3204 3034
3535 3225
3702 2979
3819 3744
3028 3608
3820 3336
3583 3010
3124 3596
3535 3452
3651 3971
3114 3572
3550 3848
3200 3400
3452 3011
3070 3958
3418 3599
3117 3118
3189 3091
3934 3601
3035 3496
3458 3233
3279 3646
3424 3801
3815 3771
3510 3066
3507 3128
3037 3238
3026 3860
3496 3777
3025 3522
3110 3027
3745 3754
1411 3149
3008 3026
3153 3265
3442 3833
3726 3770
1728 1753
3450 3510
3505 3399
3708 3392
3997 3932
3233 3268
845 3941
3851 3440
3259 3848
3675 3520
3875 3155
3718 3896
3652 3437
3570 3242
3894 3303
3402 3776
3381 3596
3635 3711
3322 3299
3426 3444
3737 3434
3135 3205
3090 3224
3464 3627
3127 3861
3172 3353
3639 3086
3440 3884
3646 3269
3033 3541
3970 3755
3780 3183
3142 3356
3546 3892
3363 3652
3033 3948
3365 3940
3686 3303
3011 3193
3980 3868
3963 3865
3311 3422
3753 3396
3981 3338
3094 3499
2844 2206
3188 3360
3831 3261
3787 3897
3506 3461
3071 3225
3820 3253
3027 3278
3198 3369
3089 3972
3050 3793
3162 889
3933 3882
3708 3183
3958 3916
3268 3233
3821 3371
3233 3830
3775 3557
3855 3471
3009 3654
476 3468
3465 3447
3172 3310
3698 3985
3861 3445
3917 3841
3462 3658
1410 3995
3156 3362
3188 3331
3743 3069
3455 3359
3319 3456
3807 3098
3775 3439
3677 3964
1753 3186
3185 3695
2943 3338
3356 3895
3190 3346
3731 3082
3255 3563
3126 3636
3072 3720
3408 3053
3680 3398
3231 3767
3165 3823
3587 3179
3109 3301
3968 3602
3072 3561
3240 3438
3850 3838
675 3429
3359 3156
3130 3185
3092 3940
3541 3482
3681 3763
3778 3288
3494 3825
3223 1005
3969 3761
3728 3327
2429 3080
3067 3377
3287 3707
3543 3773
3521 3481
3711 3300
3085 3187
3783 3299
3322 3793
1454 1796
3595 3724
3104 3053
3856 3086
3416 3534
3665 3119
3844 3858
3715 3129
3840 3625
3398 3377
3534 3410
3439 3365
3263 3714
3790 3670
3761 3600
3679 3807
3197 3326
2365 2755
3915 3270
3314 3201
3967 3304
3633 1063
3713 3038
3110 3065
3475 3452
3943 3195
3639 3192
3434 3546
3433 3305
3753 3084
3697 3127
3802 3297
3515 3384
3775 3365
3924 3292
2943 3683
3201 3283
3773 3564
3576 3304
2943 3190
3222 3477
3467 3352
3089 952
3144 3199
3286 3198
3107 3769
3261 3013
3712 3664
3970 3987
3804 3362
3893 3363
3017 3707
3233 3268
3035 3736
3521 3750
3201 3334
3072 3097
3143 3492
3518 3577
3083 3352
3000 3987
3647 3055
3202 3896
3933 3983
3616 3536
3909 3349
3608 351
3995 3358
3002 3637
3725 3102
3787 3158
3025 3446
3683 3697
3951 3765
3231 3919
3839 3401
3390 3541
3845 3967
3803 3380
3535 3967
3904 3925
3437 3540
3243 3941
3825 3516
3087 3629
3296 3600
3463 3547
3734 1519
3516 3788
3997 3570
3777 3267
549 796
3524 1640
3329 3094
2440 3618
3610 3093
3108 3147
14 1286
3623 3023
3618 2830
3139 3334
3140 3540
3115 3005
3809 3619
3286 3066
2582 2876
3262 3958
1057 1973
3628 3636
3438 3609
3494 3788
3104 3681
258 3464
3646 3269
3675 3134
3762 3401
3611 3277
3544 3222
3498 3800
3144 3879
3506 3139
3286 3450
3568 3688
3270 3669
3033 3869
3195 3949
3398 3194
3340 3129
3198 3410
3553 3249
3470 3616
3796 3607
3381 3484
1219 2313
3799 3989
3314 3482
3026 3729
3400 3773
3615 3523
3228 3569
3758 3433
3071 3492
3901 3362
3087 3490
3259 3238
3420 3614
3885 3979
3249 3535
3383 3561
3731 3761
3840 3414
3963 3775
3766 3609
2565 2832
1511 2870
3554 3383
3563 3914
3914 3562
3931 3773
3681 3081
3766 3781
3772 3862
3407 3724
3345 3545
3997 3298
3311 3639
3411 3119
3679 3883
3967 3947
3102 3590
3444 3688
3120 3027
3583 3955
3110 3708
3907 3676
3005 3115
3850 3730
3578 3254
3977 3153
3005 3937
3206 3168
3803 3380
3928 3737
3889 3660
3575 3102
3978 3198
3726 3123
3718 3837
3163 3705
3234 3407
3350 3009
3827 3782
3082 3178
3714 3263
3614 3420
3977 3114
3835 3710
3679 3573
3572 3232
1162 1387
3835 3221
3796 3537
3028 3252
3734 3558
3093 3501
3522 3184
3794 3533
1958 1009
3551 3600
3067 3948
3470 3536
3985 3104
3505 2000
3809 3509
3339 3220
3017 3707
3194 3532
3679 3504
3255 3563
3840 3414
3015 3702
3730 3308
3636 3870
3087 3490
3206 3168
3394 3746
3799 3989
1667 1063
343 3468
3302 1657
3374 3870
3843 3474
3733 3009
3571 3649
3593 3718
3672 3112
3433 3434
2983 2654
3913 3496
3950 3995
3519 3269
3073 3144
3015 3962
3409 3856
3150 288
3183 3086
3135 3187
3882 3802
3777 3350
3563 3964
3152 3089
3999 3002
3974 3849
3022 3050
3429 3589
3146 3674
97 3944
3046 3804
3776 3453
3165 3411
3976 2138
132 2870
3258 3217
3529 3159
3419 3411
3350 3803
3112 3641
3447 3900
3558 3661
3134 3520
3580 3169
3046 3964
3039 3084
3573 3883
3398 3377
3517 3081
893 806
3779 3697
3829 3799
3464 3962
3894 3303
3450 3124
3444 3576
3614 3857
3283 3063
3927 3975
3866 3242
3033 3923
3410 3023
3903 3885
3137 3140
3478 3683
3057 3354
3409 3086
3984 3759
3930 3954
3015 3626
3391 3763
3748 3755
3174 3594
3278 3027
3399 3621
3343 3579
3652 3205
3835 3602
1410 3302
3029 3453
3386 3428
3599 3418
3066 3129
3008 3790
3906 3983
3593 3640
3145 3766
3107 3733
3160 3991
3247 2539
3854 3768
3407 3568
3799 3419
3057 3954
3638 3147
3272 3171
3579 3110
3850 3582
3201 3555
3779 3765
3769 3985
3380 3054
3894 3026
3782 3827
3305 3928
3211 3312
1763 3918
3572 3072
3865 3963
3374 3126
3986 3839
3942 3251
3754 3279
3350 3631
3162 3850
3071 3907
3070 3551
3521 3460
3328 3981
3153 3928
3069 3084
3745 3279
3970 3315
3540 3240
3374 3126
3672 3546
3757 3244
3219 3421
3969 3176
3975 3001
3391 3703
3526 3139
279 3732
3566 3087
3768 3378
3767 3723
3733 3147
3284 3787
3401 3271
3289 3069
3931 3564
3114 3264
3557 3439
3029 3300
3276 3654
3579 3729
3912 3683
3103 3183
3566 3607
3834 3035
3793 3404
190 181
3794 3843
3278 3367
3476 3770
3494 3516
2811 2870
3419 3008
3858 3086
3019 3812
3930 3801
3785 3843
3997 3570
3537 3607
3900 3979
3678 3932
3725 3008
3866 3524
3793 3270
3882 3653
3380 3587
3663 3455
3466 3738
3837 3798
3679 3421
3547 3100
3377 3619
3576 3226
3014 3829
3226 3792
2837 2936
3622 3194
3361 3001
3855 3180
3896 3199
3159 3058
3481 3251
3253 3336
2131 3346
3322 3928
3665 3379
675 2686
3788 3489
3203 3170
3834 3782
3429 3107
3811 3014
3228 3347
3186 3367
3174 3096
3687 3214
3827 3782
3710 3602
3292 3207
3942 3593
3850 3019
3986 3743
3625 3414
3356 3917
3777 3009
3794 3785
3601 3118
3967 3483
3225 3041
3186 3036
3037 3259
3907 3580
3385 3838
3292 3211
3709 3205
3014 3908
3145 3558
3557 3349
3649 3409
3577 3689
3086 3412
3808 3100
3148 3275
3190 3445
3236 3567
3249 3849
3179 3047
3912 3647
3993 3189
3251 3986
3926 3980
3911 3530
3628 3636
3386 2755
3190 2943
3450 3527
3713 3218
3562 251
3609 3493
3224 3307
3243 3237
3068 3525
3979 3903
3410 3235
3963 3342
3003 3987
3851 3312
3552 3695
1378 3996
1279 3799
3985 3104
3580 3900
3496 3191
3248 3034
3204 3318
3963 3456
3299 3315
3142 3370
3468 3199
3333 3787
3438 3515
2225 3013
3889 3673
3510 3286
3843 3167
3695 3880
3048 3209
3230 3884
3717 3976
3580 3071
3853 3811
3349 3471
1698 3021
3822 3869
3779 3865
3124 3152
3124 3562
3801 3424
3958 3344
3356 3841
3922 3739
3777 3480
2083 2875
3578 3955
3739 3918
3419 3693
3292 3440
3904 3486
3868 3122
3762 3975
3737 3752
3824 3386
3322 3793
3773 3564
3956 3289
3993 3963
3229 3266
3641 3112
3060 3480
3508 3007
3337 3951
3115 3817
3775 3321
3243 3488
3251 3744
3329 3195
3676 3662
3549 3163
3480 3036
3983 3574
3241 3949
3693 3948
3995 3867
3765 3479
3540 3140
3993 3983
3726 3057
3921 3578
3932 3232
3650 1525
3262 3512
3601 3266
3995 3358
1640 3800
3600 3685
3993 3933
3677 3655
3074 3210
3140 3078
3169 3658
3739 3221
3165 3761
3003 3755
3220 14
3144 3647
3520 3772
3849 3658
3927 3691
3000 3352
3584 3601
3008 3591
3587 3797
3004 3868
3328 3751
2401 2748
3686 3953
3691 3244
3726 3733
3743 3839
3883 3454
343 3090
3799 3540
3584 3091
24 3160
3214 3563
3933 3963
3731 3603
3960 3358
36 1378
3570 3289
3653 3802
3171 3657
